[[[[255 255 255]
   [255 255 255]
   [255 255 255]
   ...
   [255 255 255]
   [255 255 255]
   [255 255 255]]

  [[255 255 255]
   [255 255 255]
   [255 255 255]
   ...
   [255 255 255]
   [255 255 255]
   [255 255 255]]

  [[255 255 255]
   [255 255 255]
   [255 255 255]
   ...
   [255 255 255]
   [255 255 255]
   [255 255 255]]

  ...

  [[139  91  68]
   [139  91  68]
   [138  90  67]
   ...
   [200 242 255]
   [200 242 255]
   [200 242 255]]

  [[138  92  68]
   [138  92  68]
   [138  92  68]
   ...
   [200 242 255]
   [200 242 255]
   [200 242 255]]

  [[137  93  68]
   [138  94  69]
   [140  94  70]
   ...
   [200 242 255]
   [200 242 255]
   [200 242 255]]]


 [[[ 31  30  28]
   [ 37  36  34]
   [ 47  46  44]
   ...
   [ 71  80  75]
   [ 72  81  76]
   [ 76  85  80]]

  [[ 40  39  37]
   [ 43  42  40]
   [ 44  43  41]
   ...
   [ 71  80  75]
   [ 66  75  70]
   [ 70  79  74]]

  [[ 58  57  55]
   [ 55  54  52]
   [ 47  46  44]
   ...
   [ 68  77  72]
   [ 73  82  77]
   [ 72  81  76]]

  ...

  [[199 164 124]
   [207 169 130]
   [208 171 129]
   ...
   [117 133 149]
   [112 128 144]
   [126 142 158]]

  [[198 163 121]
   [203 168 126]
   [213 176 134]
   ...
   [104 119 138]
   [118 133 152]
   [130 143 160]]

  [[202 167 125]
   [196 161 119]
   [207 170 128]
   ...
   [ 95 110 131]
   [144 157 176]
   [173 186 203]]]


 [[[142 127  88]
   [141 125  89]
   [140 124  88]
   ...
   [157 155 158]
   [156 154 157]
   [158 156 157]]

  [[139 123  87]
   [139 123  87]
   [140 122  86]
   ...
   [158 157 163]
   [160 159 165]
   [164 163 169]]

  [[137 119  83]
   [138 120  84]
   [138 120  84]
   ...
   [164 164 174]
   [168 170 182]
   [172 174 186]]

  ...

  [[212 175 131]
   [194 154 119]
   [201 159 119]
   ...
   [227 209 187]
   [222 204 182]
   [214 196 174]]

  [[208 169 126]
   [166 123  89]
   [162 118  81]
   ...
   [223 205 183]
   [225 207 185]
   [222 204 182]]

  [[189 147 105]
   [154 109  76]
   [148 102  66]
   ...
   [216 198 176]
   [217 199 177]
   [217 199 177]]]


 ...


 [[[201 226 222]
   [202 227 223]
   [202 229 224]
   ...
   [179 210 194]
   [180 211 195]
   [180 211 195]]

  [[199 224 220]
   [199 226 221]
   [200 227 222]
   ...
   [179 210 194]
   [179 210 194]
   [178 209 193]]

  [[197 224 219]
   [198 225 220]
   [198 225 220]
   ...
   [179 210 194]
   [178 209 193]
   [178 209 193]]

  ...

  [[ 93 131 108]
   [ 95 130 108]
   [ 98 131 110]
   ...
   [131 161 123]
   [130 162 125]
   [129 163 126]]

  [[ 95 133 110]
   [ 97 132 110]
   [100 133 112]
   ...
   [135 163 125]
   [133 163 127]
   [132 164 127]]

  [[ 96 134 111]
   [ 98 133 111]
   [100 133 112]
   ...
   [137 165 127]
   [133 163 127]
   [129 159 123]]]


 [[[150 176 165]
   [143 171 157]
   [131 162 146]
   ...
   [  9  30  13]
   [ 10  35  14]
   [  7  37  13]]

  [[158 184 171]
   [150 178 164]
   [137 168 152]
   ...
   [  4  25   8]
   [  4  29   8]
   [  2  32   8]]

  [[166 192 179]
   [159 187 172]
   [147 178 160]
   ...
   [  2  20   4]
   [  0  24   3]
   [  0  26   3]]

  ...

  [[  1   8   0]
   [  1   8   0]
   [  1   8   0]
   ...
   [ 15  16  10]
   [ 17  18  12]
   [ 23  24  18]]

  [[  0   7   0]
   [  0   7   0]
   [  1   8   0]
   ...
   [ 16  17  11]
   [ 21  22  16]
   [ 30  31  25]]

  [[  0   8   0]
   [  0   8   0]
   [  0   8   0]
   ...
   [ 18  19  13]
   [ 26  27  21]
   [ 38  39  33]]]


 [[[207 200 208]
   [208 201 209]
   [209 202 210]
   ...
   [181 176 182]
   [181 176 182]
   [183 178 184]]

  [[207 200 208]
   [208 201 209]
   [208 201 209]
   ...
   [182 177 183]
   [181 176 182]
   [181 176 182]]

  [[208 201 209]
   [208 201 209]
   [208 201 209]
   ...
   [184 179 185]
   [182 177 183]
   [181 176 182]]

  ...

  [[249 205 170]
   [248 204 167]
   [252 208 171]
   ...
   [ 50  16   4]
   [ 46  12   2]
   [ 38   2   2]]

  [[250 206 169]
   [246 202 165]
   [245 201 164]
   ...
   [ 50  16   4]
   [ 43   9   0]
   [ 41   5   5]]

  [[252 208 171]
   [252 208 171]
   [249 205 168]
   ...
   [ 49  15   3]
   [ 42   8   0]
   [ 42   6   6]]]]